4294967278,132
4294967278,131
4294967278,130
4294967278,129
4294967278,128
4294967278,127
4294967278,126
4294967278,125
4294967278,124
4294967278,123
4294967278,122
4294967278,121
4294967278,299
4294967278,298
4294967278,115
4294967278,114
4294967278,110
4294967278,108
4294967278,107
4294967278,106
4294967278,105
4294967278,104
4294967278,103
4294967278,102
4294967278,98
4294967278,96
4294967278,95
4294967278,94
4294967278,93
4294967278,92
4294967278,91
4294967278,90
4294967278,82
4294967278,80
4294967278,78
4294967278,77
4294967278,76
4294967278,70
4294967278,68
4294967278,66
4294967278,65
4294967278,64
4294967278,281
4294967278,61
4294967278,279
4294967278,278
4294967278,275
4294967278,445
4294967278,174
4294967278,260
4294967278,421
4294967278,408
4294967279,535
4294967279,67
4294967279,64
4294967279,63
4294967279,62
4294967279,60
4294967279,55
4294967279,54
4294967279,47
4294967279,529
4294967279,526
4294967279,523
4294967279,38
4294967279,37
4294967279,34
4294967279,29
4294967279,27
4294967279,540
4294967279,514
4294967279,15
4294967279,13
4294967279,9
4294967279,7
4294967279,354
4294967279,6
4294967279,565
4294967279,5
4294967279,134
4294967279,4
160,5
4294967279,367
4294967279,260
4294967279,0
162,5
162,1
4294967294,1400
160,4
4294967294,1369
4294967294,22
4294967294,1154
4294967294,115
4294967278,245
4294967278,120
4294967278,119
4294967278,243
4294967294,86
4294967294,84
4294967278,335
4294967278,118
4294967294,90
4294967294,87
4294967278,241
4294967294,92
4294967278,371
4294967294,99
4294967278,117
4294967278,239
4294967294,1224
4294967278,403
4294967294,107
4294967278,238
4294967278,116
4294967294,126
4294967294,127
4294967279,555
4294967294,5
4294967278,113
4294967278,390
4294967279,554
4294967278,112
4294967278,385
4294967279,330
4294967278,297
4294967278,347
4294967278,111
4294967278,226
4294967294,471
4294967278,109
4294967278,224
4294967278,411
4294967278,222
4294967294,1191
4294967278,218
280,6
280,5
4294967278,274
280,4
280,3
280,2
280,1
4294967278,216
4294967278,101
4294967278,250
4294967278,100
4294967278,248
4294967279,551
4294967294,119
4294967294,180
4294967278,296
4294967278,99
4294967278,210
4294967294,1223
4294967278,97
4294967278,209
4294967278,244
4294967278,208
4294967279,550
4294967278,206
4294967278,205
4294967278,204
4294967279,295
4294967278,89
4294967278,201
4294967278,294
4294967278,200
4294967278,295
4294967278,87
4294967278,199
4294967278,293
4294967278,86
4294967278,85
4294967278,404
4294967278,75
4294967278,292
4294967278,84
4294967278,286
4294967278,83
4294967278,240
4294967279,546
4294967278,195
4294967278,81
4294967278,194
4294967278,237
4294967278,193
4294967278,79
4294967278,320
4294967278,191
4294967278,188
278,6
4294967278,190
278,5
278,4
4294967278,189
278,3
278,2
278,1
4294967278,429
4294967278,187
4294967278,291
4294967278,74
4294967278,73
4294967278,425
4294967278,63
4294967278,287
4294967278,72
4294967279,545
4294967278,284
4294967278,71
4294967278,424
4294967278,183
4294967278,69
4294967278,182
4294967278,387
4294967279,224
4294967278,181
4294967278,283
4294967278,67
4294967278,179
4294967278,176
4294967278,178
4294967278,177
4294967278,417
4294967278,175
4294967278,62
4294967278,173
4294967294,1070
4294967278,172
4294967278,280
4294967278,60
4294967278,59
4294967278,171
4294967294,426
4294967294,167
4294967294,414
4294967294,451
4294967294,454
4294967278,170
4294967278,58
4294967278,57
162,29
4294967279,170
4294967294,81
4294967294,481
4294967294,1366
4294967278,265
4294967294,1403
4294967294,1377
276,31
4294967294,1395
276,30
4294967294,1378
4294967294,1383
4294967294,7
4294967294,474
4294967294,1393
4294967294,1370
4294967294,473
4294967294,1374
4294967294,480
4294967294,165
4294967294,190
4294967278,258
4294967294,407
4294967294,1077
4294967294,160
4294967278,447
4294967294,440
4294967294,415
4294967278,446
4294967294,479
4294967294,6
4294967278,444
4294967294,50
4294967279,44
4294967279,549
4294967279,548
4294967278,360
4294967279,154
4294967294,1404
4294967294,1407
4294967279,518
4294967278,242
4294967294,1406
4294967294,94
4294967294,96
4294967279,318
276,29
276,28
4294967279,149
276,27
276,26
4294967279,148
276,25
276,24
4294967279,147
276,23
276,22
4294967279,146
276,21
276,20
276,19
276,18
276,17
276,16
4294967279,143
276,15
276,14
276,13
276,12
276,11
276,10
4294967279,140
276,9
276,8
276,7
276,6
4294967279,277
276,5
276,4
276,3
276,2
276,1
4294967279,547
4294967294,8
4294967279,23
4294967294,478
4294967294,1080
4294967294,396
4294967294,179
4294967294,408
4294967294,1185
4294967294,1189
4294967294,416
4294967279,553
4294967279,552
4294967294,184
4294967294,1402
4294967279,275
4294967279,291
4294967294,12
4294967279,274
4294967294,18
4294967294,68
4294967294,106
4294967294,176
